+------------------------------------------------------------------------------------------------------------------------------------------------------------------------------------------------------------------------------+
; Legal Partition Candidates                                                                                                                                                                                                   ;
+-------------------------+-------+----------------+--------------+----------------+--------+-----------------+---------------+-----------------+-------+----------------+--------------+------------------+-------------------+
; Hierarchy               ; Input ; Constant Input ; Unused Input ; Floating Input ; Output ; Constant Output ; Unused Output ; Floating Output ; Bidir ; Constant Bidir ; Unused Bidir ; Input only Bidir ; Output only Bidir ;
+-------------------------+-------+----------------+--------------+----------------+--------+-----------------+---------------+-----------------+-------+----------------+--------------+------------------+-------------------+
; dem_mode_10             ; 5     ; 2              ; 0            ; 2              ; 10     ; 2               ; 2             ; 2               ; 0     ; 0              ; 0            ; 0                ; 0                 ;
; giai_ma_gtc             ; 9     ; 15             ; 0            ; 15             ; 28     ; 15              ; 15            ; 15              ; 0     ; 0              ; 0            ; 0                ; 0                 ;
; tao_gtc                 ; 3     ; 0              ; 0            ; 0              ; 8      ; 0               ; 0             ; 0               ; 0     ; 0              ; 0            ; 0                ; 0                 ;
; lcd_full                ; 218   ; 8              ; 8            ; 8              ; 10     ; 8               ; 8             ; 8               ; 0     ; 0              ; 0            ; 0                ; 0                 ;
; giai_ma_soto_gauy_donvi ; 4     ; 24             ; 0            ; 24             ; 48     ; 24              ; 24            ; 24              ; 0     ; 0              ; 0            ; 0                ; 0                 ;
; giai_ma_soto_GIAY_CHUC  ; 4     ; 24             ; 0            ; 24             ; 48     ; 24              ; 24            ; 24              ; 0     ; 0              ; 0            ; 0                ; 0                 ;
; giai_ma_soto_ds_donvi   ; 4     ; 24             ; 0            ; 24             ; 48     ; 24              ; 24            ; 24              ; 0     ; 0              ; 0            ; 0                ; 0                 ;
; giai_ma_soto_ds_chuc    ; 4     ; 24             ; 0            ; 24             ; 48     ; 24              ; 24            ; 24              ; 0     ; 0              ; 0            ; 0                ; 0                 ;
; giai_ma_bcd_giay        ; 9     ; 11             ; 0            ; 11             ; 16     ; 11              ; 11            ; 11              ; 0     ; 0              ; 0            ; 0                ; 0                 ;
; giai_ma_bcd_phut        ; 9     ; 11             ; 0            ; 11             ; 16     ; 11              ; 11            ; 11              ; 0     ; 0              ; 0            ; 0                ; 0                 ;
; giai_ma_bcd_ds          ; 9     ; 9              ; 0            ; 9              ; 16     ; 9               ; 9             ; 9               ; 0     ; 0              ; 0            ; 0                ; 0                 ;
; doc_ds18b20             ; 2     ; 5              ; 0            ; 5              ; 13     ; 5               ; 5             ; 5               ; 1     ; 0              ; 0            ; 0                ; 0                 ;
; chong_doi_dw            ; 2     ; 0              ; 0            ; 0              ; 1      ; 0               ; 0             ; 0               ; 0     ; 0              ; 0            ; 0                ; 0                 ;
; chong_doi_up            ; 2     ; 0              ; 0            ; 0              ; 1      ; 0               ; 0             ; 0               ; 0     ; 0              ; 0            ; 0                ; 0                 ;
; thoi_gian               ; 7     ; 8              ; 0            ; 8              ; 18     ; 8               ; 8             ; 8               ; 0     ; 0              ; 0            ; 0                ; 0                 ;
; xung_ena                ; 1     ; 14             ; 0            ; 14             ; 16     ; 14              ; 14            ; 14              ; 0     ; 0              ; 0            ; 0                ; 0                 ;
+-------------------------+-------+----------------+--------------+----------------+--------+-----------------+---------------+-----------------+-------+----------------+--------------+------------------+-------------------+
